Reactive MD-force field: EEM-ish parameter set, for testing only!
 39       ! Number of general parameters
   50.0000 !Overcoordination parameter
    9.5469 !Overcoordination parameter
    1.6725 !Valency angle conjugation parameter
    1.7224 !Triple bond stabilisation parameter
    6.8702 !Triple bond stabilisation parameter
   60.4850 !C2-correction
    1.0588 !Undercoordination parameter
    4.6000 !Triple bond stabilisation parameter
   12.1176 !Undercoordination parameter
   13.3056 !Undercoordination parameter
  -29.6985 !Triple bond stabilization energy
    0.0000 !Lower Taper-radius
   10.0000 !Upper Taper-radius
    2.8793 !Not used
   33.8667 !Valency undercoordination
    6.0891 !Valency angle/lone pair parameter
    1.0563 !Valency angle
    2.0384 !Valency angle parameter
    6.1431 !Not used
    6.9290 !Double bond/angle parameter
    0.3989 !Double bond/angle parameter: overcoord
    3.9954 !Double bond/angle parameter: overcoord
   -2.4837 !Not used
    5.7796 !Torsion/BO parameter
   10.0000 !Torsion overcoordination
    1.9487 !Torsion overcoordination
   -1.2327 !Conjugation 0 (not used)
    2.1645 !Conjugation
    1.5591 !vdWaals shielding
    0.1000 !Cutoff for bond order (*100)
    1.7602 !Valency angle conjugation parameter
    0.6991 !Overcoordination parameter
   50.0000 !Overcoordination parameter
    1.8512 !Valency/lone pair parameter
    6.2470 !ACKS2 Softness
    5.0000 !LJ dispersion parameters
    1.5000 !pxelv
    0.0000 !Molecular energy (not used)
    0.7903 !Valency angle conjugation parameter
 13   ! Nr of atoms; cov.r; valency;a.m;Rvdw;Evdw;gammaEEM;cov.r2;#
            alfa;gammavdW;valency;Eunder;Eover;chiEEM;etaEEM;n.u.
            cov r3;Elp;Heat inc.;n.u.;n.u.;n.u.;n.u.
            ov/un;val1;n.u.;val3,vval4
 C    1.3817   4.0000  12.0000   1.8903   0.1838   1.0000   1.1341   4.0000
      9.7559   2.1346   4.0000  34.9350  79.5548   4.8000   6.7000   0.0000
      1.2114   0.0000 202.2908   8.9539  34.9289  13.5366   5.0000   0.0000
     -2.8983   2.5000   1.0564   4.0000   2.9663   1.2000   0.1000  10.0000
 H    0.8930   1.0000   1.0080   1.3550   0.0930   0.8203  -0.1000   1.0000
      8.2230  33.2894   1.0000   0.0000 121.1250   3.7248   9.6093   1.0000
     -0.1000   0.0000  55.1878   3.0408   2.4197   0.0003   5.0000   0.0000
    -19.4571   4.2733   1.0338   1.0000   2.8793   0.5000   0.1000   1.0000
 O    1.2450   2.0000  15.9990   2.3890   0.1000   1.0898   1.0548   6.0000
      9.7300  13.8449   4.0000  37.5000 116.0768   8.5000   8.3122   2.0000
      0.9049   0.4056  68.0152   3.5027   0.7640   0.0021   5.0000   0.0000
     -3.5500   2.9000   1.0493   4.0000   2.9225   0.5000   0.1000   1.0000
 N    1.2333   3.0000  14.0000   2.2375   0.1447   1.0000   1.1748   5.0000
      9.8626  12.6599   4.0000  30.3181 100.0000   6.0111   6.7037   2.0000
      1.0433   0.7872 119.9837   0.7425   6.7920   2.7271   5.0000   0.0000
     -2.0000   4.0000   1.0183   4.0000   2.8793   1.0000   0.1000   1.0000
 S    1.9405   2.0000  32.0600   2.0677   0.2099   1.0336   1.5479   6.0000
      9.9575   4.9055   4.0000  52.9998 112.1416   6.5000   8.2545   2.0000
      1.4601   9.7177  71.1843   5.7487  23.2859  12.7147   5.0000   0.0000
    -11.0000   2.7466   1.0338   6.2998   2.8793   1.0000   0.1000  10.0000
 Mg   1.8315   2.0000  24.3050   2.2464   0.1806   0.5020   1.0000   2.0000
     10.9186  27.1205   3.0000  38.0000   0.0000   0.9499   5.6130   0.0000
     -1.3000   0.0000 127.9160  49.9248   0.3370   0.0000   5.0000   0.0000
     -1.0823   2.3663   1.0564   6.0000   2.9663   1.0000   0.1000  10.0000
 P    1.5994   3.0000  30.9738   1.7000   0.1743   1.0000   1.3000   5.0000
      9.1909  14.9482   5.0000   0.0000   0.0000   1.6676   7.0946   0.0000
     -1.0000  25.0000 125.6300   0.2187  21.4305  15.1425   5.0000   0.0000
     -3.9294   3.4831   1.0338   5.0000   2.8793   1.0000   0.1000  10.0000
 Na   1.8000   1.0000  22.9898   2.8270   0.1872   0.4000  -1.0000   1.0000
     10.0000   2.5000   1.0000   0.0000   0.0000  -0.9871   6.7728   0.0000
     -1.0000   0.0000  23.0445 100.0000   1.0000   0.0000   5.0000   0.0000
     -2.5000   3.9900   1.0338   8.0000   2.5791   1.0000   0.1000  10.0000
 Ti   2.0254   4.0000  47.8800   2.2105   0.1574   0.6311   0.1000   4.0000
     12.7041  16.6482   4.0000   0.1000   0.0000  -1.3647   6.8406   0.0000
     -1.0000   0.0000 143.1770  27.6505  -0.0753   0.0064   5.0000   0.0000
    -15.0000   3.8359   1.0338  12.0000   2.2632   1.0000   0.1000  10.0000
 Cl   1.7140   1.0000  35.4500   1.9139   0.2000   0.3500  -1.0000   7.0000
     11.5345  10.1330   1.0000   0.0000   0.0000   9.9704   6.1703   0.0000
     -1.0000   1.2769 143.1770   6.2293   5.2294   0.1542   5.0000   0.0000
    -10.2080   2.9867   1.0338   6.2998   2.5791   1.0000   0.1000  10.0000
 F    1.2100   1.0000  18.9984   1.8601   0.1200   0.3000  -0.1000   7.0000
     11.5000   7.5000   4.0000   9.2533   0.2000   9.0000  15.0000   0.0000
     -1.0000  35.0000   1.5000   6.9821   4.1799   1.0561   5.0000   0.0000
     -7.3000   2.6656   1.0493   4.0000   2.9225   1.0000   0.1000  10.0000
 Ca   1.9562   2.0000  40.0870   2.7136   0.1884   0.9995  -1.0000   2.0000
     10.5231  27.5993   3.0000  38.0000   0.0000  -1.7150   6.5026   0.0000
     -1.3000   0.0000 220.0000  49.9248   0.3370   0.0000   5.0000   0.0000
     -2.0000   3.8164   1.0564   8.0000   2.9663   0.5000   0.1000  10.0000
 X   -0.1000   2.0000   1.0080   2.0000   0.0000   1.0000  -0.1000   6.0000
     10.0000   2.5000   4.0000   0.0000   0.0000   8.5000   1.5000   0.0000
     -0.1000   0.0000  -2.3700   8.7410  13.3640   0.6690   5.0000   0.0000
    -11.0000   2.7466   1.0338   4.0000   2.8793   1.0000   0.1000  10.0000
