Reactive MD-force field: ACKS2-ish parameter set, for testing only!
 39       ! Number of general parameters                            
   50.0000 !Overcoordination parameter            
    9.5469 !Overcoordination parameter            
    1.6725 !Valency angle conjugation parameter   
    1.7224 !Triple bond stabilisation parameter   
    6.8702 !Triple bond stabilisation parameter   
   54.6742 !C2-correction                         
    1.0588 !Undercoordination parameter           
    4.6000 !Triple bond stabilisation parameter   
   12.1176 !Undercoordination parameter           
   13.3056 !Undercoordination parameter           
  -34.5448 !Triple bond stabilization energy      
    0.0000 !Lower Taper-radius                    
   10.0000 !Upper Taper-radius                    
    2.8793 !Not used                              
   33.8667 !Valency undercoordination             
    6.0891 !Valency angle/lone pair parameter     
    1.0563 !Valency angle                         
    2.0384 !Valency angle parameter               
    6.1431 !Not used                              
    6.9290 !Double bond/angle parameter           
    0.3989 !Double bond/angle parameter: overcoord
    3.9954 !Double bond/angle parameter: overcoord
   -2.4837 !Not used                              
    8.5385 !Torsion/BO parameter                  
    6.7491 !Torsion overcoordination              
    0.1414 !Torsion overcoordination              
    0.0000 !ElHo
    1.1348 !Conjugation                           
    1.5591 !vdWaals shielding                     
    0.1000 !Cutoff for bond order (*100)          
    1.7602 !Valency angle conjugation parameter   
    0.6991 !Overcoordination parameter            
   50.0000 !Overcoordination parameter            
    1.8512 !Valency/lone pair parameter           
  548.6451 !ACKS2 Softness                              
    5.0000 !LJ dispersion parameters
    1.5000 !pxelv                                 
    0.0000 !Molecular energy (not used)           
    0.7903 !Valency angle conjugation parameter   
 15    ! Nr of atoms; cov.r; valency;a.m;Rvdw;Evdw;gammaEEM;cov.r2;#
            alfa;gammavdW;valency;Eunder;Eover;chiEEM;etaEEM;n.u.               
            cov r3;Elp;Heat inc.;n.u.;n.u.;n.u.;n.u.                            
            ov/un;val1;n.u.;val3,vval4                                          
 C    1.3417   4.0000  12.0000   2.0464   0.1064   0.3500   1.1681   4.0000
      9.0000   1.5000   4.0000  40.0000   0.8000   5.3422   4.5000   0.0000
      1.1437   0.0000 181.0000   5.4236  19.2788  13.5366   3.1838  22.0000
     -4.0998   4.8750   0.0020   4.0000   2.9663   0.0000   0.0000   0.0000
 H    0.9102   1.0000   1.0080   1.0996   0.1000   0.6683  -0.1000   1.0000
      9.2193   5.5154   1.0000   0.0000   0.2457   4.9673   6.2079   0.0000
     -0.1000   0.0000  55.5000   1.1004   6.8959   0.0003   3.4114   6.0014
     -6.5532   3.5000   0.0020   1.0000   2.8793   0.0000   0.0000   0.0000
 O    1.2218   2.0000  15.9990   2.2033   0.2841   0.5500   1.0727   6.0000
      8.8250 200.0000   4.0000  37.5000   0.6500   8.5000   7.9071   0.0000
      0.9049   0.5488  68.0152   2.1943   2.3055   0.0021   5.4479  13.9674
     -7.0011   3.6068   0.0022   4.0000   2.9225   0.0000   0.0000   0.0000
 N    1.2333   3.0000  14.0000   1.9324   0.1376   0.7921   1.1748   5.0000
     10.0667   7.8431   4.0000  32.2482   0.8000   7.5795   6.3952   0.0000
      1.0433  27.4290 119.9837   1.9457   4.2874   3.4869   3.0879   1.2000
     -4.3875   2.6192  -0.0673   4.0000   2.8793   0.0000   0.0000   0.0000
 S    1.9405   2.0000  32.0600   2.0677   0.2099   1.0336   1.5479   6.0000
      9.9575   4.9055   4.0000  52.9998 112.1416   6.5000   8.2545   0.0000
      1.4601   9.7177  71.1843   5.7487  23.2859  12.7147   2.0000   0.9745
    -11.0000   2.7466   1.0338   6.2998   2.8793   0.0000   0.0000   0.0000
 Mg   1.8315   2.0000  24.3050   2.2464   0.1806   0.5020   1.0000   2.0000
     10.9186  27.1205   3.0000  38.0000   0.0000   0.9499   5.6130   0.0000
     -1.3000   0.0000 220.0000  49.9248   0.3370   0.0000   0.0000   0.0000
     -1.0823   2.3663   1.0564   6.0000   2.9663   0.0000   0.0000   0.0000
 P    1.5994   3.0000  30.9738   1.7000   0.1743   1.0000   1.3000   5.0000
      9.1909  14.9482   5.0000   0.0000   0.4000   1.6676   7.0946   0.0000
     -1.0000  25.0000   1.5000   0.2187  21.4305  15.1425   4.0428   4.0433
     -3.9294   3.4831   0.0210   5.0000   2.8793   0.0000   0.0000   0.0000
 Na   2.0300   1.0000  22.9898   2.3334   0.1481   0.8765  -1.0000   1.0000
     11.0000   9.8000   1.0000   0.0000   0.0000  -3.8501   5.9459   0.0000
     -1.0000   0.0000  67.5458 100.0000  10.0000   0.2500   0.0000   0.8563
     -2.5766   2.5000   1.0338   6.0000   2.5791   0.0000   0.0000   0.0000
 F    1.2100   1.0000  18.9984   1.8601   0.1200   0.8000  -0.1000   7.0000
     11.5000   7.5000   4.0000   9.2533   0.2000   9.0000   7.0000   0.0000
     -1.0000  35.0000   1.5000   6.9821   4.1799   1.0561   5.7000   9.4429
     -7.3000   2.6656   0.0153   4.0000   2.9225   0.0000   0.0000   0.0000
 B    1.1936   3.0000  10.8110   1.8368   0.0708   0.7695  -1.0000   3.0000
      9.0332   3.6413   3.0000  38.0000   0.4000   2.3652   8.5128   0.0000
     -1.3000   0.0000 220.0000   5.4000  24.0000  12.0000   3.0925  10.1764
    -10.8644   2.4601   0.0028   6.2998   2.9663   0.0000   0.0000   0.0000
 Li   1.9814   1.0000   6.9410   1.8000   0.2939   0.9445  -0.1000   1.0000
      9.0616   1.3258   1.0000   0.0000   0.2000  -3.0000  10.0241   0.0000
     -1.0000   0.0000  37.5000   5.4409   6.9107   0.1973   6.0000   0.8563
     -2.5068   2.2989   0.0138   1.0000   2.8103   0.0000   0.0000   0.0000
 Lv   1.9814   0.0000   6.9410   1.8000   0.2939   0.4839  -0.1000   0.0000
      9.0616   1.3258   1.0000   0.0000   0.2000  -1.2781  10.0339   0.0000
     -1.0000   0.0000  37.5000   5.4409   6.9107   0.1973   5.4886   1.0000
     -5.0000   2.2989   0.0020   1.0000   2.8103   0.0000   0.0000   0.0000
 El  -0.1000   0.0000   1.0000   1.3000   0.0050   0.2500  -0.1000   0.0000
      2.0000   4.0000   4.0000   0.0000   0.0000   1.0002   1.0009   0.0000
     -0.1000   0.0000  -2.3700   6.4918   8.5961   0.2368  10.0000   3.5000
     -5.0000   3.1873   0.0800   6.2998   2.5791   0.0000   0.0000   0.0000
 Ho  -0.1000   0.0000   1.0000   1.3000   0.0050   0.3514  -0.1000   0.0000
      1.2827   4.0000   1.0000   0.0000   0.0000   3.5706   3.5741   0.0000
     -0.1000   0.0000  -2.3700   0.0018   8.5961   0.2368  10.0000   2.0000
     -5.0000   0.0073   0.0338   0.0098   2.5791   0.0000   0.0000   0.0000
 X   -0.1000   2.0000   1.0080   2.0000   0.0000   1.0000  -0.1000   6.0000
     10.0000   2.5000   4.0000   0.0000   0.0000   8.5000   1.5000   0.0000
     -0.1000   0.0000  -2.3700   8.7410  13.3640   0.6690  10.0000   0.9745
    -11.0000   2.7466   1.0338   4.0000   2.8793   0.0000   0.0000   0.0000
